# Junk sales-article numbers created from Lieferantenartikelnummer (column D)
# Source run: 5cc06360-74df-4bd0-a4d8-fba0b9acfca1
# File: bezugsquellen_10000_2026-08-25_2020.csv
# Included rows: 4034; after collision exclusion: 4031
# Cross-check against weclapp articles created in the import window before deleting.
# Do not delete numbers listed in collision-do-not-delete.txt
03002000
03003000
03003100
03003250
03010100
03011100
03019250
03029250
03031200
03039250
03040250
03041200
03050200
03051200
03060250
03080100
08000602
08001000
08125998
08125999
08141900
08150100
08150123
08150930
08150960
08150990
08153160
08222150
085000310
085000311M
09018030
0901803099
0901806099
09018063
09018064
0901808099
09018083
09018084
09018090
0901810099
09018103
09018104
09018110
0901811099
0901812099
09018123
09018124
09018150
0901815099
09018180
0901818099
09018200
0901820099
09018220
09018250
09020552
09020751
09020752
09020951
09020952
09021080
09021100
09021110
09021120
09022060
09022080
09022090
09022100
09022110
09022120
09022150
09022155
09022175
09022195
09028020
09028030
0902803099
09028031
09028040
0902804099
09028041
09028060
0902806099
09028061
09028064
09028080
0902808099
09028081
09028084
09028090
09028091
09028100
0902810099
09028101
09028104
09028110
0902811099
09028111
09028114
09028120
0902812099
09028121
09028122
09028140
09028150
090281500
09028200
09028201
09028220
09028221
09028250
09028251
09028300
09028301
090350355
090450455
0904504551
09048060
09048080
09048100
09048120
09054032
09054099
090600603
09100000
091001002
09101060
09101080
09101090
09101100
09101110
09101120
09101150
09102020
09102080
09102090
09102100
09102110
09102120
09102150
09102525
09103030
091040403
09108020
0910802099
09108030
0910803099
09108040
0910804099
09108060
0910806099
09108080
0910808099
09108081
09108090
09108100
0910810099
09108110
0910811099
09108120
0910812099
09108150
0910815099
09108165
09108180
0910818099
09108200
0910820099
09108220
0910822099
09108250
0910825099
09108300
0911000053
0911000065
0911000153
0911000165
09110005
09110006
09110007
09110008
091100095
091100195
091100605
091100606
091107211
0911100201
0911100202
0911100203
09111060
09111080
09111090
09111100
09111110
09111120
09111150
0911120201
0911120202
0911120203
091117211
09112080
09112090
091120900
091120960
09112100
0911210020
091121053
0911210650
091121095
09112110
091121100
091121160
09112120
0911212020
091121300
091121360
09112150
091124020
091126020
091127211
091128020
091140201
091140202
091140203
091160201
091160202
091160203
09118020
091180201
091180202
091180203
0911802099
09118030
0911803099
09118040
0911804099
09118060
0911806099
09118080
0911808031
0911808099
09118090
09118100
0911810031
0911810099
09118110
0911811099
09118120
0911812031
0911812099
09118150
0911815099
09118220
091201209
09128091
09128121
09128151
09158065
09158085
09158090
09158105
09158125
09168080
09168100
09168121
09302060
09302080
09302081
09302100
09302101
09302121
09308060
09308061
09308080
09308081
09308091
09308100
09308101
09308110
09308111
09308120
09308121
093082020
093082525
093083030
09332081
09332101
09332121
09338060
09338061
09338080
09338081
09338091
09338100
09338101
09338120
09338121
09518060
09518080
09518100
09518120
09628060
09628080
0962808030
09628100
0962810030
09628120
0962812030
09638080
0963808030
09638100
0963810030
09638120
0963812030
10021003
10021007
10021013
10021015
10021016
10021019
10021203
10021205
10021207
10021209
10021210
10021216
10022063
10022080
10022083
10022100
10022103
10022111
10022120
10022123
10026003
10026005
10026007
10026009
10026015
10026016
10028003
10028007
10028013
10028015
10028016
10028019
10028060
10028061
10028063
10028080
10028081
10028083
10028100
10028101
10028103
10028110
100281103
10028111
10028113
10028114
10028115
10028117
10028118
10028119
10028120
10028121
10028123
1010138061
1010138062
1010138064
1010138081
1010138082
1010138084
1010138101
1010138102
1010138104
1010138111
1010138112
1010138114
1010138121
1010138122
1010138124
1010148061
1010148062
1010148064
1010148081
1010148082
1010148084
1010148101
1010148102
1010148104
1010148111
1010148112
1010148114
1010148121
1010148122
1010148124
1010158061
1010158062
1010158064
1010158081
1010158082
1010158084
1010158101
1010158102
1010158104
1010158111
1010158112
1010158114
1010158121
1010158122
1010158124
1010198061
1010198062
1010198064
1010198081
1010198082
1010198084
1010198101
1010198102
1010198104
1010198111
1010198112
1010198114
1010198121
1010198122
1010198124
101110022
101110022B
101110022S
101110024
101110024B
101110024S
101111022
101111024
101112022
101112022B
101112022S
101112024
101112024B
101112024S
10112061
10112081
10112101
10112121
101160022
101160024
101180022
101180022B
101180022S
101180024
101180024B
101180024S
10118061
10118081
10118101
10118111
10118121
101210022
101210024
101280601
101280602
101280604
101280801
101280802
101280804
101281001
101281002
101281004
10128101
101281101
101281102
101281104
101281201
101281202
101281204
101610022
101610024
101612022
101612024
101680022
101680024
10168081
10168101
10168121
1017100221
1017100241
1017200121
1017200221
1017300121
1017300221
102081033
102081233
102081833
10222105
10222165
10228105
10228165
103010102
103010104
103010119
103010139
103011119
103011139
103012012
103012014
103012119
103012139
10302080
10302081
10302100
10302101
10302120
10302121
103060102
103060104
103060119
103060139
103080102
103080104
103080119
103080139
10308060
10308061
10308080
10308081
10308100
10308101
103081033
10308110
10308111
10308112
103081133
10308114
10308120
10308121
103081233
103081633
103081833
10322005
10322065
10322105
10322165
10328005
10328065
10328105
103281060
1032810602
1032810604
103281080
1032810802
1032810804
103281100
1032811002
1032811004
103281110
1032811102
1032811104
103281125
1032811252
1032811254
10328165
103310102
103310104
103310119
103310139
103311102
103311104
103311119
103311139
103312102
103312104
103312119
103312139
103360102
103360104
103360119
103360139
103380102
103380104
103380119
103380139
10338060
10338061
10338080
10338081
10338100
10338101
103381060
1033810602
1033810604
103381080
1033810802
1033810804
10338110
103381100
1033811002
1033811004
10338111
103381110
1033811102
1033811104
103381125
1033811252
1033811254
10338120
10338121
103581060
1035810602
1035810604
103581080
1035810802
1035810804
103581100
1035811002
1035811004
103581110
1035811102
1035811104
103581125
1035811252
1035811254
103811332
103811334
103816332
103816334
105110119
105110139
105111119
105111139
105112119
105112139
105160119
105160139
105180119
105180139
10518060
10518080
10518100
10518110
10518120
10528061
10528062
10528064
10528081
10528082
10528084
10528101
10528102
10528104
10528111
10528112
10528114
10528121
10528122
10528124
10538061
10538062
10538064
10538081
10538082
10538084
10538101
10538102
10538104
10538111
10538112
10538114
10538121
10538122
10538124
10548061
10548062
10548064
10548081
10548082
10548084
10548101
10548102
10548104
10548111
10548112
10548114
10548121
10548122
10548124
10558061
10558062
10558064
10558081
10558082
10558084
10558101
10558102
10558104
10558111
10558112
10558114
10558121
10558122
10558124
10568061
10568062
10568064
10568081
10568082
10568084
10568101
10568102
10568104
10568111
10568112
10568114
10568121
10568122
10568124
1060148061
1060148062
1060148064
1060148081
1060148082
1060148084
1060148101
1060148102
1060148104
1060148111
1060148112
1060148114
1060148121
1060148122
1060148124
10611001
10611004
10618100
10620601
10620604
10620801
106208031
106208033
10620804
10621001
106210031
106210033
10621004
10621201
106212031
106212033
10621204
10622060
10622080
1062208030
10622100
1062210030
1062212030
10628060
10628080
1062808030
10628100
1062810030
10628120
1062812030
1063808030
1063808031
1063808033
1063810030
1063810031
1063810033
1063812030
1063812031
1063812033
10658061
10658062
10658064
10658111
10658112
10658114
1070038061
1070038062
1070038064
1070038081
1070038082
1070038084
1070038101
1070038102
1070038104
1070038111
1070038112
1070038114
1070038121
1070038122
1070038124
1070068061
1070068062
1070068064
1070068081
1070068082
1070068084
1070068101
1070068102
1070068104
1070068111
1070068112
1070068114
1070068121
1070068122
1070068124
1070118061
1070118062
1070118064
1070118081
1070118082
1070118084
1070118101
1070118102
1070118104
1070118111
1070118112
1070118114
1070118121
1070118122
1070118124
1070128061
1070128062
1070128064
1070128081
1070128082
1070128084
1070128101
1070128102
1070128104
1070128111
1070128112
1070128114
1070128121
1070128122
1070128124
1070138061
1070138062
1070138064
1070138081
1070138082
1070138084
1070138101
1070138102
1070138104
1070138111
1070138112
1070138114
1070138121
1070138122
1070138124
1070168061
1070168062
1070168064
1070168081
1070168082
1070168084
1070168101
1070168102
1070168104
1070168111
1070168112
1070168114
1070168121
1070168122
1070168124
1070218061
1070218062
1070218064
1070218081
1070218082
1070218084
1070218101
1070218102
1070218104
1070218111
1070218112
1070218114
1070218121
1070218122
1070218124
1070378061
1070378062
1070378064
1070378081
1070378082
1070378084
1070378101
1070378102
1070378104
1070378111
1070378112
1070378114
1070378121
1070378122
1070378124
1070388061
1070388062
1070388064
1070388081
1070388082
1070388084
1070388101
1070388102
1070388104
1070388111
1070388112
1070388114
1070388121
1070388122
1070388124
1070428061
1070428062
1070428064
1070428081
1070428082
1070428084
1070428101
1070428102
1070428104
1070428111
1070428112
1070428114
1070428121
1070428122
1070428124
1070468061
1070468062
1070468064
1070468081
1070468082
1070468084
1070468101
1070468102
1070468104
1070468111
1070468112
1070468114
1070468121
1070468122
1070468124
1072148L
1072148R
1072200L
1072200R
107298L
107298R
1080198061
1080198062
1080198064
1080198081
1080198082
1080198084
1080198101
1080198102
1080198104
1080198111
1080198112
1080198114
1080198121
1080198122
1080198124
1080288061
1080288062
1080288064
1080288081
1080288082
1080288084
1080288101
1080288102
1080288104
1080288111
1080288112
1080288114
1080288121
1080288122
1080288124
10808061
10808062
10808064
10808111
10808112
10808114
1090018061
1090018062
1090018064
1090018081
1090018082
1090018084
1090018101
1090018102
1090018104
1090018111
1090018112
1090018114
1090018121
1090018122
1090018124
11028030
1102804038
11028060
11028080
11028100
11028110
11028120
11028150
11028170
11028200
11028220
11028250
11108030
1110804038
1110806238
11108082
11108102
11108122
11108152
11108162
11108182
11108202
11108220
11108252
11108532
11308500
11328082
11328101
11328102
11328151
11328300
11338061
11338081
11338101
11338121
11338151
11338152
11338300
11338350
11338351
11338400
11338401
11338501
11383100
11383125
11383150
11388061
11388080
11388081
11388082
11388100
11388101
11388102
11388120
11388121
11388122
11388150
11388151
11388152
11388300
11388350
11388351
11388400
11388401
11388500
11388501
11388650
11398082
11398102
11398122
1172148L
1172148R
1172200L
1172200R
117298L
117298R
12002140100
12002140140
12002160100
12002160XC
12002160XK
1200240100XK
1200240140XK
12005140100
12005140140
12005160100
12005160XC
12005160XK
1200540100XK
1200540140XK
12010903
12010910
12011103
12011105
12011203
12011210
12018090
12018090ECO
12018090ECO99
12018091
12018092ECO
12018110
12018110ECO
12018110ECO99
12018111
12018112ECO
12018120
12018120ECO
12018120ECO99
12018121
12018122ECO
120220900
120220903
120221000
120221003
120221100
120221103
120221200
120221203
12023000902
12023001002
12023001102
12023001202
120280700
120280702
120280703
120280706
120280707
120280713
120280900
120280902
120280903
120280906
120280907
120280913
120281000
120281002
120281003
120281006
120281007
120281013
120281100
120281102
120281103
120281106
120281107
120281113
120281200
120281202
120281203
120281206
120281207
120281213
12100904
12100906
12100907
12101204
12101205
12101206
12101207
12101308
12101309
121013101
121013111
12101905
12101908
12101909
121019101
121019111
121080700
121080732
1210807324
121080733
1210807334
121080735
1210807354
121080900
121080932
1210809324
121080933
1210809334
121080935
1210809354
121081000
121081032
1210810324
121081033
1210810334
121081035
1210810354
121081100
121081132
1210811324
121081133
1210811334
121081135
1210811354
121081200
121081232
1210812324
121081233
1210812334
121081235
1210812354
12110138081
12110138084
12110138101
12110138104
12110138111
12110138114
12110138121
12110138124
12110148081
12110148084
12110148101
12110148104
12110148111
12110148114
12110148121
12110148124
12110158081
12110158084
12110158101
12110158104
12110158111
12110158114
12110158121
12110158124
12110198081
12110198084
12110198101
12110198104
12110198111
12110198114
12110198121
12110198124
12111104
12111105
12111106
12111107
12111308
12111309
121113101
121113111
121118081
121118084
121118101
121118121
121118124
121120900
121121000
121121100
121121200
121128081
121128084
121128101
121128104
121128111
121128114
121128121
121128124
121180700
121180704
121180900
121180904
121180904B
121180904S
121181000
121181004
121181100
121181104
121181104B
121181104S
121181200
121181204
12119001
12119003
12119004
12119011
12119013
12119014
12119021
12119023
12119024
12119033
12119101
12119103
12119104
12119111
12119113
12119114
12119121
12119123
12119124
12119133
12129033
12129133
121308081
121308084
121308101
121308104
121308111
121308114
121308121
121308124
121338081
121338084
121338101
121338104
121338111
121338114
121338121
121338124
12139033
12139133
12150903
12151103
12151253
121528081
121528084
121528101
121528104
121528111
121528114
121528121
121528124
121538081
121538084
121538101
121538104
121538111
121538114
121538121
121538124
121548081
121548084
121548101
121548104
121548111
121548114
121548121
121548124
121558081
121558084
121558101
121558104
121558111
121558114
121558121
121558124
121568081
121568084
121568101
121568104
121568111
121568114
121568121
121568124
12158090
12158110
12158120
12160148081
12160148084
12160148101
12160148104
12160148111
12160148114
12160148121
12160148124
121658081
121658084
121658101
121658104
121658121
121658124
121680700
121680704
121680900
121680904
121681000
121681004
121681100
121681104
121681200
121681204
121690900
121691100
12170038081
12170038084
12170038101
12170038104
12170038111
12170038114
12170038121
12170038124
12170068081
12170068084
12170068101
12170068104
12170068111
12170068114
12170068121
12170068124
12170118081
12170118084
12170118101
12170118104
12170118111
12170118114
12170118121
12170118124
12170128081
12170128084
12170128101
12170128104
12170128111
12170128114
12170128121
12170128124
12170138081
12170138084
12170138101
12170138104
12170138111
12170138114
12170138121
12170138124
12170168081
12170168084
12170168101
12170168104
12170168111
12170168114
12170168121
12170168124
12170218081
12170218084
12170218101
12170218104
12170218111
12170218114
12170218121
12170218124
12170378081
12170378084
12170378101
12170378104
12170378111
12170378114
12170378121
12170378124
12170388081
12170388084
12170388101
12170388104
12170388111
12170388114
12170388121
12170388124
12170428081
12170428084
12170428101
12170428104
12170428111
12170428114
12170428121
12170428124
12170468081
12170468084
12170468101
12170468104
12170468111
12170468114
12170468121
12170468124
1217807041
1217809041
1217810041
1217811041
12180198081
12180198084
12180198101
12180198104
12180198111
12180198114
12180198121
12180198124
12180288081
12180288084
12180288101
12180288104
12180288111
12180288114
12180288121
12180288124
121808081
121808084
121808101
121808104
121808121
121808124
121820905
121820965
121821105
121821165
121880905
121880933
121880965
121881105
121881133
121881165
12190018081
12190018084
12190018101
12190018104
12190018111
12190018114
12190018121
12190018124
12210138081
12210138082
12210138084
12210138101
12210138102
12210138104
12210138111
12210138112
12210138114
12210148081
12210148082
12210148084
12210148101
12210148102
12210148104
12210148111
12210148112
12210148114
12210158081
12210158082
12210158084
12210158101
12210158102
12210158104
12210158111
12210158112
12210158114
12210198081
12210198082
12210198084
12210198101
12210198102
12210198104
12210198111
12210198112
12210198114
122118081
122118082
122118084
122128081
122128082
122128084
122128101
122128102
122128104
122128111
122128112
122128114
122308081
122308082
122308084
122308101
122308102
122308104
122308111
122308112
122308114
122338081
122338082
122338084
122338101
122338102
122338104
122338111
122338112
122338114
122528081
122528082
122528084
122528101
122528102
122528104
122528111
122528112
122528114
122538081
122538082
122538084
122538101
122538102
122538104
122538111
122538112
122538114
122548081
122548082
122548084
122548101
122548102
122548104
122548111
122548112
122548114
122558081
122558082
122558084
122558101
122558102
122558104
122558111
122558112
122558114
122568081
122568082
122568084
122568101
122568102
122568104
122568111
122568112
122568114
12260148081
12260148082
12260148084
12260148101
12260148102
12260148104
12260148111
12260148112
12260148114
122658081
122658082
122658084
12270038081
12270038082
12270038084
12270038101
12270038102
12270038104
12270038111
12270038112
12270038114
12270068081
12270068082
12270068084
12270068101
12270068102
12270068104
12270068111
12270068112
12270068114
12270118081
12270118082
12270118084
12270118101
12270118102
12270118104
12270118111
12270118112
12270118114
12270128081
12270128082
12270128084
12270128101
12270128102
12270128104
12270128111
12270128112
12270128114
12270138081
12270138082
12270138084
12270138101
12270138102
12270138104
12270138111
12270138112
12270138114
12270168081
12270168082
12270168084
12270168101
12270168102
12270168104
12270168111
12270168112
12270168114
12270218081
12270218082
12270218084
12270218101
12270218102
12270218104
12270218111
12270218112
12270218114
12270378081
12270378082
12270378084
12270378101
12270378102
12270378104
12270378111
12270378112
12270378114
12270388081
12270388082
12270388084
12270388101
12270388102
12270388104
12270388111
12270388112
12270388114
12270428081
12270428082
12270428084
12270428101
12270428102
12270428104
12270428111
12270428112
12270428114
12270468081
12270468082
12270468084
12270468101
12270468102
12270468104
12270468111
12270468112
12270468114
12280198081
12280198082
12280198084
12280198101
12280198102
12280198104
12280198111
12280198112
12280198114
12280288081
12280288082
12280288084
12280288101
12280288102
12280288104
12280288111
12280288112
12280288114
122808081
122808082
122808084
122880933
122881133
12290018081
12290018082
12290018084
12290018101
12290018102
12290018104
12290018111
12290018112
12290018114
12300700
12300900
12301100
123080700
123080900
123081100
12328121
12328122
12330700
12330900
12331100
123380700
123380900
123381100
12510700
12510900
12511100
125180700
125180900
125181100
126180700
126180705
126180900
126180905
126181000
126181005
126181100
126181105
126181200
126181205
126280700
1262807030
1262807031
126280706
126280900
1262809030
1262809031
126280906
126281000
1262810030
1262810031
126281006
126281100
1262811030
1262811031
126281106
126281200
1262812030
1262812031
126281206
1263800700
1263800900
1263807030
1263807031
126380706
1263809030
1263809031
126380906
1263810000
1263810030
1263810031
126381006
1263811000
1263811030
1263811031
126381106
1263812000
1263812030
1263812031
126381206
13200000
13300001
13300002
13300005
13300006
13305000
13305001
13305030
13305031
13385030
13385031
14020010XK
1402250090
1402250110
14028090
14028110
14028113
141001250P
141001250T
141011311
141011811
141011814
1410118141
141016311
141016811
141016814
1410168141
141017333
141017814
1410178141
141017833
141020901
1410250090
14102500901
1410250110
14102501101
1410300090
14103000901
1410300110
14103001101
141068090
141068110
141068113
141078090
141078110
141078113
141080901
141098090
141098110
141098113
141108090
141108110
141108113
14110903
141120901
141121101
1411250090
14112500901
1411250110
14112501101
14112502201
1411300090
14113000901
1411300110
14113001101
141138090
141138110
141138113
14118090
141180900
1411809001
1411809002
1411809003
1411809004
141180900X
141180900XI
141180900XK
141180900XKL
141180901
141180902
141180904
1411809042
141180905
14118110
141181100
1411811001
1411811002
1411811003
14118110030
1411811004
141181100X
141181100XI
141181100XK
141181100XKL
141181101
141181101X
141181101XI
141181101XKL
141181101XKR
141181102
141181103
141181104
1411811042
141181105
141181300
14118130030
141181300X
141181300XI
141181300XK
141181300XKL
141181301XI
141181301XKL
141181301XKR
14118131X
141181351
141181352
141181353
141181354
141181355
141182100
14118210030
141201250P
141201250T
141211110
141211112
141211114
1412111141
141211209
141211211
141211212
141211213
141211214
141211215
1412112151
141211809
141211811
141211813
141211814
141211815
141211816
1412118161
141216111
141216112
141216113
141216114
141216809
141216811
141216812
141216813
141216814
141216815
141216816
1412168161
141216817
141216818
1412168181
141216819
141216820
141216821
1412168211
141216822
141217091
141217092
141217093
141217094
141217111
141217112
141217113
141217114
141217131
141217132
141217133
141217134
141217809
141217811
141217813
141222111
141222112
141222113
141222114
141222811
141621101
141680901
141680902
141680903
141680904
141680905
141681100
141681101
141681101X
141681101XI
141681101XKL
141681101XKR
141681102
141681102X
141681102XI
141681102XKL
141681102XKR
141681103
141681104
141681105
14168120030
14168130030
141681302X
141681302XI
141681302XKL
141681302XKR
141780901
141780902
141780903
141780904
141780905
141781101
141781102
141781103
141781104
141781105
141781351
141781352
141781353
141781354
141781355
14338090
14338092
14338110
14338112
14388090
14388092
14388110
14388112
150030420
150030421
150099303
150112501515
150112502020
150112502525
150112505050
150112512525
150112515050
150112521515
150112522020
150112522525
150122502525
150122505050
150122522525
150122525050
150125000
150132502525
150132505050
150133502525
150133505050
150200021
1502012301
15020123012
15020123015
1502012309
150201231
1502012312
1502012315
1502012327
1502012330
1502012333
150201239
150225000
150225001
1502253
150225316
150228035
1502280350
150242021
150242600
150302502525
150302505050
150332502525
150332505050
151008021
151025000
15253300250
15253302250
15253800250
15256046
1530163
1530253
1530303032SK
1530303332SK
1530303832SK
153310010
1533163
15332539
153342021
153342830
153342831
153810010
1538163
1538253
153842021
153842830
153842831
159606025K
159E253SK2
159E253SK3
159EE25303SK2
159EE25303SK3
159EE25333SK2
159EE25333SK3
159EE25383SK2
159EE25383SK3
159EG253SK2
159EG253SK3
159PG25303SK
159PG25333SK
159PG25383SK
15DGE2511F8
15DGE2511M8
15DGE2512F8
15DGE2512M8
15DGE3011F8
15DGE3011M8
15DGE3012F8
15DGE3012M8
15DGE4011F8
15DGE4011M8
15DGE4012F8
15DGE4012M8
15DGE5011F8
15DGE5011M8
15DGE5012F8
15DGE5012M8
15DGE6012F8
15DGE6012M8
16028251
16028252
16028402
16118010
16118025
161181000
161181500
161182000
16128010
16128025
161281000
161281500
161282000
161381533
161382033
161781033
16618010
16618025
166181000
166181500
166182000
16628010
16628025
166281000
16628100030
166281500
16628150030
166282000
16628200030
16638100030
166381500
16638150030
166382000
16638200030
180281212
180281212XA
180281212XI
18118120
18118121
18118122
18118123
18118124
18118125
18118160
18118161
18118162
18118163
18118164
18118165
18118220
18118221
18118222
18118223
18118224
18118225
18118400
18118400X
18118400XI
18118400XI3D
18118400XK
18118411
18118411X
18118411XI
18118411XI3D
18118411XK
18168120
18168121
18168122
18168123
18168124
18168125
18168160
18168161
18168162
18168163
18168164
18168165
18168220
18168221
18168222
18168223
18168224
18168225
183080707XA
183080707XI
183080909
183081109
18308120
18308121
18308122
18308123
18308124
18308125
18308160
18308161
18308162
18308163
18308164
18308165
18308220
18308221
18308222
18308223
18308224
18308225
18308400
18308400X
18308400XI
18308400XI3D
18308400XK
18628120
18628121
18628122
18628123
18628124
18628125
18628160
18628161
18628162
18628163
18628164
18628165
18628220
18628221
18628222
18628223
18628224
18628225
19108111
19108121
19108151
19111100
19111120
19112100
19112120
19118100
19118111
19118120
19118121
19118151
19178111
19178121
19178151
19178201
195000002
195000003
195000004
195000005
195000006
195000100
195000200
195000300
195000400
195000500
195000600
195000700
195000800
195000900
195001000
195001250
195001400
195001700
2000374LED
2000388LED
2000667LED
2000691LED
21108080
21108201
21118080
21118090
21118110
21118120
21118201
21178090
21178110
21178125
2202151508
2202151510
2202202008
2202202010
22100001
22100002
22112180
2300003
2300004
26108060
26108061
26108080
26108081
26108082
26108100
26108101
26108102
26108120
26108121
26108122
26118060
261180602
26118061
26118062
26118080
261180802
26118081
26118100
261181002
26118101
26118120
26118121
26118122
30004CL7
300075003
300100060
300122815
30018140
30018141
30018250
30018251
300185310
300185325
30028140
30028141
30028142
30028250
30028251
30028252
30030000
30030CL6
30032502
30032503
30050CL1
30108140
30108250
30118140
30118250
30128140
30128250
30158140
30158250
30168140
30168250
30178140
30178250
30200S62
3120BP40620
3120DE2540
3120MP40120
3120PB20520
3120PBP1020
3120PK1
3120PU40120
3120PUR6120
3120TR40025
3120TR420025
3200200325
32006001
3250230120
3280230150
3335185245
3606130LED
3715301002
3715301011
3715301012
3730301002
3730301011
3730301012
37333300
3760301002
3760301011
3760301012
37633300
44000048
44006080
44060055
44070055
44080055
44090055
44100055
441000602
441000702
441000802
441000902
441001002
44110055
44120055
442006002
442006011
442006012
442006022
442006065
442006080
442006211
442006265
442006280
442006311
442006365
442006380
442007002
442007011
442007012
442007022
442007065
442007080
442007211
442007265
442007280
442007311
442007365
442007380
442008011
442008012
442008022
442008024
442008065
442008080
442008211
442008212
442008222
442008265
442008280
442008311
442008312
442008365
442008380
442009011
442009012
442009022
442009024
442009065
442009080
442009211
442009212
442009222
442009265
442009280
442009311
442009312
442009365
442009380
442010002
442010011
442010012
442010022
442010065
442010080
442010211
442010265
442010280
442010311
442010365
442010380
444005075
4440080702
4440080711
4440080712
4440080902
4440080911
4440080912
4440100702
4440100711
4440100712
4440100902
4440100911
4440100912
4440120702
4440120711
4440120712
4440120902
4440120911
4440120912
4441080702
4441080711
4441080712
4441080902
4441080911
4441080912
4441100702
4441100711
4441100712
4441100902
4441100911
4441100912
4441120702
4441120711
4441120712
4441120902
4441120911
4441120912
51021030
51021720
51022225
51022730
51101030
5110106040
5110108060
51101730
51102225
51102730
511027C
511027R
511027RC
51106040RG
51106040RS
51108060RG
51108060RS
511727B
511727BC
511727BR
511727C
511727R
511727RC
512227B
512227BC
512227BR
512227C
512227R
512227RC
512727B
512727BC
512727BR
512727C
512727R
512727RC
540000100
540206098WL
540206098WR
540206120WL
540206120WR
540206148WL
540206148WR
540206200WL
540206200WR
540208098WL
540208098WR
540208120WL
540208120WR
540208148WL
540208200WL
540208200WR
540209148WR
5402098080LE
5402098080RE
540210009812L
540210009812R
540210009833L
540210009833R
540210009865L
540210009865R
540210009880L
540210009880R
5402100098L
5402100098R
540210014812L
540210014812R
540210014833L
540210014833R
540210014865L
540210014865R
540210014880L
540210014880R
5402100148L
5402100148R
540210020
5402100200L
5402100200R
5402100200WL
5402100200WR
54021002011
54021002012
54021002065
54021002080
5402100212L
5402100212R
5402100212WL
5402100212WR
5402100233L
5402100233R
5402100233WL
5402100233WR
5402100265L
5402100265R
5402100265WL
5402100265WR
5402100280L
5402100280R
5402100280WL
5402100280WR
540210030
54021003011
54021003012
54021003065
54021003080
540210040
54021004011
54021004012
54021004065
54021004080
54021009812WL
54021009812WR
54021009833WL
54021009833WR
54021009865WL
54021009865WR
54021009880WL
54021009880WR
540210098WL
540210098WR
5402101120L
5402101120R
54021011212L
54021011212R
54021011233L
54021011233R
54021011265L
54021011265R
54021011280L
54021011280R
540210120WL
540210120WR
5402101212WL
5402101212WR
5402101233WL
5402101233WR
5402101265WL
5402101265WR
5402101280WL
5402101280WR
54021014812WL
54021014812WR
54021014833WL
54021014833WR
54021014865WL
54021014865WR
54021014880WL
54021014880WR
540210148WL
540210148WR
540211009833L
540211009833R
540211009865L
540211009865R
540211009880L
540211009880R
5402110098L
5402110098R
5402110098WR
5402110120L
5402110120R
5402110120WL
5402110120WR
54021101233L
54021101233R
54021101265L
54021101265R
54021101280L
54021101280R
540211014833L
540211014833R
540211014865L
540211014865R
540211014880L
540211014880R
5402110148L
5402110148R
5402110148WL
5402110148WR
5402110200L
5402110200R
5402110200WL
5402110200WR
5402110233L
5402110233R
5402110233WL
5402110233WR
5402110265L
5402110265R
5402110265WL
5402110265WR
5402110280L
5402110280R
5402110280WL
5402110280WR
54021109833WL
54021109833WR
54021109864WL
54021109864WR
54021109880WL
54021109880WR
540211098WL
54021114833WL
54021114833WR
54021114865WL
54021114865WR
54021114880WL
54021114880WR
5402120080LE
5402120080RE
54021209833WL
54021209833WR
54021209864WL
54021209865WR
54021209880WL
54021209880WR
540212098WL
540212098WR
5402121133WL
5402121133WR
5402121165WL
5402121165WR
5402121180WL
5402121180WR
540212120WL
540212120WR
5402121233WL
5402121233WR
5402121265WL
5402121265WR
5402121280WL
5402121280WR
54021214833WL
54021214833WR
54021214865WL
54021214865WR
54021214880WL
54021214880WR
540212148WL
540212148WR
540212509833L
540212509833R
540212509865L
540212509865R
540212509880L
540212509880R
5402125098L
5402125098R
5402125120L
5402125120R
54021251233L
54021251233R
54021251265L
54021251265R
54021251280L
54021251280R
540212514833L
540212514833R
540212514865L
540212514865R
540212514880L
540212514880R
5402125148L
5402125148R
5402125200L
5402125200R
5402125200WL
5402125200WR
5402125233L
5402125233R
5402125233WL
5402125233WR
5402125265L
5402125265R
5402125265WL
5402125265WR
5402125280L
5402125280R
5402125280WL
5402125280WR
5402150080LE
5402150080RE
540215020
54021502011
54021502012
54021502065
54021502080
540215030
54021503011
54021503012
54021503065
54021503080
540215040
54021504011
54021504012
54021504065
54021504080
5402170240
540219009812L
540219009812R
540219009833L
540219009833R
540219009865L
540219009865R
540219009880L
540219009880R
5402190098L
5402190098R
5402190120L
5402190120R
54021901212L
54021901212R
54021901233L
54021901233R
54021901265L
54021901265R
54021901280L
54021901280R
540219014812L
540219014812R
540219014833L
540219014833R
540219014865L
540219014865R
540219014880L
540219014880R
5402190148L
5402190148R
5402190200L
5402190200R
5402190212L
5402190212R
5402190220
54021902212
54021902233
54021902265
54021902280
5402190233L
5402190233R
5402190265L
5402190265R
5402190280L
5402190280R
540219068220
5402200080LE
5402200080RE
5402200280
54022020L
54022020LR
54022020P
54022020PR
5402225325
5402240340
5402255370
5402270380
54022815L
54022815LR
54022815P
54022815PR
54112020L
54112020LR
54112020P
54112020PR
54112815L
54112815LR
54112815P
54112815PR
54122020L
54122020LR
54122020P
54122020PR
54122815L
54122815LR
54122815P
54122815PR
54652020L
54652020LR
54652020P
54652020PR
54652815L
54652815LR
54652815P
54652815PR
54802020L
54802020LR
54802020P
54802020PR
54802815L
54802815LR
54802815P
54802815PR
570000HBE
570750EF
570750EW
5710020EM
5710065EM
5711148090
5711148110
5711809000
571180902
571181102
5711812000
5714103080
5714103880
571500EF
571500EW
5715020EM
5715065EM
5716143080
5716143380
5716148090
5716148110
5716809000
571680902
571681102
5716812000
5725020EM
5725020WW
5725065EM
5730148090
5730148110
573080001
573080900
5730809000
5730809033
573081100
5730812000
5730812033
5733248090
5733248110
573380900
573381100
5750020EM
5750020WW
5750065EM
57AK00200
57DVCE000
57DVCEL00
57SY00010
57T060W000
57T120W000
57VBK0010
57VBK0200
57VLK0200
57VLK1000
58050100100
5805010011T
5805010011X
58050100133
58050100200
58050100233
5805010030
5805010031
5805010033T
5805010033X
5805010080
5805010081
58050100XC
58050100XK
580801000
58100065100
5810006511T
5810006511X
58100065133
58100065200
58100065233
5810006533T
5810006533X
5810006550
5810006580
58100065XC
58100065XK
5810007580
590000000000
590111002250
590111003200
590111003601
590111004400
59011100600
590112702250
590112703200
590112703621
590112704400
59011270600
59011270601
590161002250
590161003200
590161003601
590161004400
59016100600
590162702250
590162703200
590162703601
590162704400
59016270600
7001100004020A
7001100004020EL
7001100004020ER
7001100004020I
7001100004020V
70011000040A
70011000040EL
70011000040ER
70011000040I
70011000040V
7001100006020A
7001100006020EL
7001100006020ER
7001100006020I
7001100006020V
7001100006030A
7001100006030EL
7001100006030ER
7001100006030I
7001100006030V
7001100006031A
7001100006031EL
7001100006031ER
7001100006031I
7001100006031V
70011000060A
70011000060EL
70011000060ER
70011000060I
70011000060V
7001100008020A
7001100008020A11
7001100008020EL
7001100008020EL11
7001100008020ER
7001100008020ER11
7001100008020I
7001100008020I11
7001100008020V
7001100008020V11
7001100008030A
7001100008030EL
7001100008030ER
7001100008030I
7001100008030V
7001100008031A
7001100008031EL
7001100008031ER
7001100008031I
7001100008031V
70011000080A
70011000080A11
70011000080EL
70011000080EL11
70011000080ER
70011000080ER11
70011000080I
70011000080I11
70011000080V
70011000080V11
7001100010020A
7001100010020EL
7001100010020ER
7001100010020I
7001100010020V
70011000100A
70011000100EL
70011000100ER
70011000100I
70011000100V
70011110060A
70011110060EL
70011110060ER
70011110060I
70011110060V
70011110080A
70011110080EL
70011110080ER
70011110080I
70011110080V
70011270040
70011270060
7001127006030
70011270080
7001127008011
7001127008030
70011270100
70011271160
70011271180
70011276012LED
70011276013LED
70011276017LED
70011276018LED
70011276022LED
70011276023LED
7001600006020A
7001600006020EL
7001600006020ER
7001600006020I
7001600006020V
7001600006030A
7001600006030EL
7001600006030ER
7001600006030I
7001600006030V
7001600006031A
7001600006031EL
7001600006031ER
7001600006031I
7001600006031V
70016000060A
70016000060EL
70016000060ER
70016000060I
70016000060V
7001600008020A
7001600008020EL
7001600008020ER
7001600008020I
7001600008020V
70016000080A
70016000080EL
70016000080ER
70016000080I
70016000080V
7001600010020A
7001600010020EL
7001600010020ER
7001600010020I
7001600010020V
70016000100A
70016000100EL
70016000100ER
70016000100I
70016000100V
70016270060
7001627006030
70016270080
70016270100
70030000060A
70030000060EL
70030000060ER
70030000060I
70030000060V
70030000080A
70030000080EL
70030000080ER
70030000080I
70030000080V
70030250060
70030250080
7020309
7020312
7020450
7020451
7020456
7020461
70384201
70384202
70384203
71011000060X
710111003000
710111003001
710111003011
710111003111
710111004000
710111004001
710111004007
710111004011
710111004111
71011250060
710112703000
710112703001
710112703011
710112703111
710112704000
710112704001
710112704007
710112704011
710112704111
710161003000
710161003001
710161004000
710161004001
710161004007
710162703000
710162703001
710162704000
710162704001
710162704007
71030000060X
71030250060
720100004011
720111004000
720112704000
720112704011
720161004000
720162704000
740011003000
740011003001
740011004000
740012703000
740012703001
740012704000
740021003000
740021003001
740021004000
740022703000
740022703001
740022704000
740111003000
740111003001
740112703000
740112703001
750112703055
750113002500
750113003250
750113003500
750113004900
750113006000
770111003800
770111013800
770112703800
770112713800
770161003800
770161013800
770162703800
770162713800
780020803417
780112702510
780112702511
780112702520
780112702521
780112704520
780112704525
780112704540
780162702510
780162702511
780162702520
780162702521
7811270102111
7811270251111
7811270252011
7811270252111
790112700800
790112700809
790112700811
790112701000
790112701011
790112701200
790112701211
790112701400
790112701411
790112711809
790162700800
790162700809
790162701000
790162701200
790162701400
790302700809
8002001
8010526
8010530
8010832
8012084
8013666
8014382
802710019
806040151
80804491
809036321
809036322
810008081
8100100120
8100202013
810025151
810040201
81038409
8115010030
811540080
811540100
811540101
811540120
811540140
812030251
812205220
812515051
8130130100
8140120101
8140120102
81401800
814125595
815010101
815050251
8153161
815565201
816008081
816060251
816060252
816060253
817010110
817011570
817075251
81750606
818264155
8200180120
820022502554
820040251
820112500045
820112500928
820112502450
820112502458
820112502651
820112503203
820112504457
820112504512
820112505744
820112509024
820112509244
820302500013
820302500037
820302500043
82030250013
82030250037
82030250043
820322500013
820322500037
820322500043
82032250013
82032250037
82032250043
820330000003
820332500013
820332500037
820332500043
82033250013
82033250037
82033250043
820352500013
820352500037
820352500043
82035250013
82035250037
82035250043
820380000003
820382500013
820382500037
820382500043
82038250013
82038250037
82038250043
82051200037
820512500013
820512500043
82051250013
82051250037
82051250043
820849091
821025751
821025752
821058451
821202500013
821202500037
821202500043
82120250013
82120250037
82120250043
821212500037
821212500043
82121250037
82121250043
821332500013
821332500037
821332500043
82133250013
82133250037
82133250043
822010080
822060801
82208080
822080801
822100801
822549171
822575301
823011070
823017050
82307530
82330525
82330550
824080802
825012061
825015030
82501560
825015601
825015602
82502020
82507530
826020751
826020752
827010040
827016030
8280140280
828014028015
8280140280HR
82801406010
82801406012
8280140604
8280140606
8280140608
82890525
82890550
8290150801
8300100201
831511359
834024575
8350120100
839010020
84005020
84009090
842801402
842801403
84345908
848020030
850112700800
850112700830
850112701400
850112701430
85452035
860011060
8600120120
860113000100
860113000270
860114350100
860114350270
860114400100
860114400270
860163000100
860163000270
860164350100
860164350270
860164400100
860164400270
880012700508
880012700812
88005020
880112700610
880112701216
880112702022
88065201
8902011
8902019
8902023
8902024
8911390
9020551
9021060
90280604
90280700
90280740
90280804
90281004
90281104
90281254
9028170
90281701
903503551
910138061
910138064
910138081
910138084
910138101
910138104
910138111
910138114
910138121
910138124
910148061
910148064
910148081
910148084
910148101
910148104
910148111
910148114
910148121
910148124
910158061
910158064
910158081
910158084
910158101
910158104
910158111
910158114
910158121
910158124
910198061
910198064
910198081
910198084
910198101
910198104
910198111
910198114
910198121
910198124
9108081
91100605
9110551
9110552
9110751
9110752
9110951
9110952
9112055
9112075
9112095
91121100
9112112200
91121122002
9112113600
91121136002
911222600
9112226005
9112226006
91180604
91180804
91181004
91181104
91181204
91280060
912800604
91280080
912800804
91280100
912801004
91280610
91280810
91281010
91281110
915100201
915100202
915100203
915120201
915120202
915120203
915210020
915212020
91524020
91526020
91528020
91540201
91540202
91540203
91560201
91560202
91560203
91580201
91580202
91580203
9160005
91600053
9160006
91600095
91600153
91600165
91600606
9160551
9160552
91607211
9160751
9160752
9160951
9160952
916100201
916100202
916100203
916120201
916120202
916120203
91617211
9162055
9162075
91620900
9162095
91620960
916210020
91621053
91621065
91621095
9162113300
91621133002
9162114700
91621147002
91621160
916212020
91621300
91621360
916222600
9162226005
9162226006
91624020
91626020
91627211
91628020
91640201
91640202
91640203
91660201
91660202
91660203
91680201
91680202
91680203
9178133
920111002602
920111003502
920111003602
920111004002
920112702602
920112703502
920112703602
920112704002
920161002602
920161003502
920161003602
920161004002
920162702602
920162703502
920162703602
920162704002
9228081
9238081
9278112
92781124
927811334
9278133
930111002901
930111003801
930111004401
930111004800
930112702901
930112703801
930112704401
930112704800
930161002901
930161003801
930161004401
930161004800
930162702901
930162703801
930162704401
930162704800
9302105
9302165
9308064
9308084
9308104
9308105
93081054
9308114
9308124
9308165
93081654
93200195
9322005
93220633
932206334
9322065
93220733
93220833
932208334
93220933
932210334
9322105
93221212
932212124
93221233
932212334
9322133
9322165
93222211
93222216
9328005
93280054
9328065
93280654
9328105
93281054
9328165
93281654
9329080
93320633
93320833
93321233
9332133
9338064
9338084
9338104
93381100
9338111
9338114
9338124
93382200
9342005
9342065
9347065
9347080
9348005
93480054
9348065
93480654
9349065
93800065
9408105
94081054
9408165
94081654
9422105
9422165
95100001
95100002
95100003
9510030ETS
9510120501ETS
9510CS5010
95181100
95201815124
9528061
9528064
9528081
9528084
9528101
9528104
9528111
9528114
9528121
9528124
9530000
9531126
9531327
9531975
9531976
9531977
9531978
9531979
9531980
9531981
9531982
9531983
9531984
9531985
9531987
953198812
9531989
9531990
9531993
9532000
9532001
9538061
9538064
9538081
9538084
9538101
9538104
9538111
9538114
9538121
9538124
9548061
9548064
9548081
9548084
9548101
9548104
9548111
9548114
9548121
9548124
9558061
9558064
9558081
9558084
9558101
9558104
9558111
9558114
9558121
9558124
9568061
9568064
9568081
9568084
9568101
9568104
9568111
9568114
9568121
9568124
96000050
96001010C
96001010S
96001515C
96001515S
960020AF
960020AN
96004053
96005000
96005060
96005090
96007092
960148061
960148064
960148081
960148084
960148101
960148104
960148111
960148114
960148121
960148124
96021010
96111010C
96121010C
961221010C
9618080
9618100
9618110
9618125
96506010F
96506010N
96506015F
96506015N
96507610F
970038061
970038064
970038081
970038084
970038101
970038104
970038111
970038114
970038121
970038124
970068061
970068064
970068081
970068084
970068101
970068104
970068111
970068114
970068121
970068124
970118061
970118064
970118081
970118084
970118101
970118104
970118111
970118114
970118121
970118124
970128061
970128064
970128081
970128084
970128101
970128104
970128111
970128114
970128121
970128124
970138061
970138064
970138081
970138084
970138101
970138104
970138111
970138114
970138121
970138124
970168061
970168064
970168081
970168084
970168101
970168104
970168111
970168114
970168121
970168124
970218061
970218064
970218081
970218084
970218101
970218104
970218112
970218114
970218121
970218124
970378061
970378064
970378081
970378084
970378101
970378104
970378111
970378114
970378121
970378124
970388061
970388064
970388081
970388084
970388101
970388104
970388111
970388114
970388121
970388124
970428061
970428064
970428081
970428084
970428101
970428104
970428111
970428114
970428121
970428124
970468061
970468064
970468081
970468084
970468101
970468104
970468111
970468114
970468121
970468124
980198061
980198064
980198081
980198084
980198101
980198104
980198111
980198114
980198121
980198124
980288061
980288064
980288081
980288084
980288101
980288104
980288111
980288114
980288121
980288124
990018061
990018064
990018081
990018084
990018101
990018104
990018111
990018114
990018121
990018124
ETSAK34320020
ETSAK34415020
ETSAK34512020
ETSAK346A10
ETSAK347I20
